# TITLE = "Reduced Structural Grid"
# VARIABLES = "x" "y" "z" "FEM id" "Component"
0.000000000000000e+00 0.000000000000000e+00 0.000000000000000e+00 -1 0
4.000000000000000e+00 0.000000000000000e+00 0.000000000000000e+00 0 0
8.000000000000000e+00 0.000000000000000e+00 0.000000000000000e+00 1 0
1.200000000000000e+01 0.000000000000000e+00 0.000000000000000e+00 2 0
1.600000000000000e+01 0.000000000000000e+00 0.000000000000000e+00 3 0
2.000000000000000e+01 0.000000000000000e+00 0.000000000000000e+00 4 0
2.400000000000000e+01 0.000000000000000e+00 0.000000000000000e+00 5 0
2.800000000000000e+01 0.000000000000000e+00 0.000000000000000e+00 6 0
3.200000000000000e+01 0.000000000000000e+00 0.000000000000000e+00 7 0
3.600000000000000e+01 0.000000000000000e+00 0.000000000000000e+00 8 0
4.000000000000000e+01 0.000000000000000e+00 0.000000000000000e+00 9 0
4.400000000000000e+01 0.000000000000000e+00 0.000000000000000e+00 10 0
4.800000000000000e+01 0.000000000000000e+00 0.000000000000000e+00 11 0
5.200000000000000e+01 0.000000000000000e+00 0.000000000000000e+00 12 0
5.600000000000000e+01 0.000000000000000e+00 0.000000000000000e+00 13 0
6.000000000000000e+01 0.000000000000000e+00 0.000000000000000e+00 14 0
6.400000000000000e+01 0.000000000000000e+00 0.000000000000000e+00 15 0
6.800000000000000e+01 0.000000000000000e+00 0.000000000000000e+00 16 0
7.200000000000000e+01 0.000000000000000e+00 0.000000000000000e+00 17 0
7.600000000000000e+01 0.000000000000000e+00 0.000000000000000e+00 18 0
8.000000000000000e+01 0.000000000000000e+00 0.000000000000000e+00 19 0
8.400000000000000e+01 0.000000000000000e+00 0.000000000000000e+00 20 0
8.800000000000000e+01 0.000000000000000e+00 0.000000000000000e+00 21 0
9.200000000000000e+01 0.000000000000000e+00 0.000000000000000e+00 22 0
9.600000000000000e+01 0.000000000000000e+00 0.000000000000000e+00 23 0
1.000000000000000e+02 0.000000000000000e+00 0.000000000000000e+00 24 0
