# TITLE = "Reduced Structural Grid"
# VARIABLES = "x" "y" "z" "FEM id" "Component"
4.000000000000000e+00 0.000000000000000e+00 0.000000000000000e+00 1 a1
8.000000000000000e+00 0.000000000000000e+00 0.000000000000000e+00 2 a1
1.200000000000000e+01 0.000000000000000e+00 0.000000000000000e+00 3 a1
1.600000000000000e+01 0.000000000000000e+00 0.000000000000000e+00 4 a1
2.000000000000000e+01 0.000000000000000e+00 0.000000000000000e+00 5 a1
2.400000000000000e+01 0.000000000000000e+00 0.000000000000000e+00 6 a1
2.800000000000000e+01 0.000000000000000e+00 0.000000000000000e+00 7 a1
3.200000000000000e+01 0.000000000000000e+00 0.000000000000000e+00 8 a1
3.600000000000000e+01 0.000000000000000e+00 0.000000000000000e+00 9 a1
4.000000000000000e+01 0.000000000000000e+00 0.000000000000000e+00 10 1
4.400000000000000e+01 0.000000000000000e+00 0.000000000000000e+00 11 1
4.800000000000000e+01 0.000000000000000e+00 0.000000000000000e+00 12 1
5.200000000000000e+01 0.000000000000000e+00 0.000000000000000e+00 13 1
5.600000000000000e+01 0.000000000000000e+00 0.000000000000000e+00 14 1
6.000000000000000e+01 0.000000000000000e+00 0.000000000000000e+00 15 1
6.400000000000000e+01 0.000000000000000e+00 0.000000000000000e+00 16 1
6.800000000000000e+01 0.000000000000000e+00 0.000000000000000e+00 17 1
7.200000000000000e+01 0.000000000000000e+00 0.000000000000000e+00 18 1
7.600000000000000e+01 0.000000000000000e+00 0.000000000000000e+00 19 1
8.000000000000000e+01 0.000000000000000e+00 0.000000000000000e+00 20 1
8.400000000000000e+01 0.000000000000000e+00 0.000000000000000e+00 21 1
8.800000000000000e+01 0.000000000000000e+00 0.000000000000000e+00 22 1
9.200000000000000e+01 0.000000000000000e+00 0.000000000000000e+00 23 1
9.600000000000000e+01 0.000000000000000e+00 0.000000000000000e+00 24 1
1.000000000000000e+02 0.000000000000000e+00 0.000000000000000e+00 25 1