TITLE = "Reduced Structural Grid"
6.214000000000000e+00 6.983000000000000e-01 -2.075000000000000e-01 22 0 1 1
6.214000000000000e+00 1.396500000000000e+00 -2.075000000000000e-01 21 0 1 1
6.214000000000000e+00 2.094700000000000e+00 -2.075000000000000e-01 20 0 1 1
6.214000000000000e+00 2.793000000000000e+00 -2.075000000000000e-01 0 0 1 1
6.932000000000000e+00 4.161800000000000e+00 -2.285000000000000e-01 1 1 1 1
7.650000000000000e+00 5.530600000000000e+00 -2.495000000000000e-01 2 1 1 1
8.367900000000001e+00 6.899400000000000e+00 -2.699000000000000e-01 3 1 1 1
9.085900000000001e+00 8.268200000000000e+00 -2.908000000000000e-01 4 2 1 1
9.803900000000001e+00 9.636900000000001e+00 -2.993000000000000e-01 5 3 1 1
1.052190000000000e+01 1.100570000000000e+01 -3.068000000000000e-01 6 4 1 1
1.123980000000000e+01 1.237450000000000e+01 -3.142000000000000e-01 7 4 1 1
1.195780000000000e+01 1.374330000000000e+01 -3.212000000000000e-01 8 4 1 1
1.267580000000000e+01 1.511210000000000e+01 -3.285000000000000e-01 9 4 1 1
1.339380000000000e+01 1.648090000000000e+01 -3.357000000000000e-01 10 4 1 1
1.411170000000000e+01 1.784970000000000e+01 -3.431000000000000e-01 11 4 1 1
1.482970000000000e+01 1.921850000000000e+01 -3.503000000000000e-01 12 4 1 1
1.554770000000000e+01 2.058730000000000e+01 -3.576000000000000e-01 13 4 1 1
1.626570000000000e+01 2.195610000000000e+01 -3.650000000000000e-01 14 4 1 1
1.698360000000000e+01 2.332480000000000e+01 -3.724000000000000e-01 15 4 1 1
1.770160000000000e+01 2.469360000000000e+01 -3.795000000000000e-01 16 4 1 1
1.841960000000000e+01 2.606240000000000e+01 -3.867000000000000e-01 17 4 1 1
1.913760000000000e+01 2.743120000000000e+01 -3.939000000000000e-01 18 4 1 1
1.985550000000000e+01 2.880000000000000e+01 -4.013000000000000e-01 19 4 1 1
