TITLE = "Reduced Structural Grid\ "VARIABLES = "x" "y" "z" "id" "familynum" "forcenode" "displnode" 
6.214000000000000e+00 0.000000000000000e+00 -2.075000000000000e-01 23 0 1 1
3.726080000000000e+01 0.000000000000000e+00 3.300000000000000e+00 58 1 1 1
6.214000000000000e+00 6.983000000000000e-01 -2.075000000000000e-01 22 2 1 1
6.214000000000000e+00 1.396500000000000e+00 -2.075000000000000e-01 21 2 1 1
6.214000000000000e+00 2.094700000000000e+00 -2.075000000000000e-01 20 2 1 1
6.214000000000000e+00 2.793000000000000e+00 -2.075000000000000e-01 0 2 1 1
6.932000000000000e+00 4.161800000000000e+00 -2.285000000000000e-01 1 3 1 1
7.650000000000000e+00 5.530600000000000e+00 -2.495000000000000e-01 2 3 1 1
8.367900000000001e+00 6.899400000000000e+00 -2.699000000000000e-01 3 3 1 1
9.085900000000001e+00 8.268200000000000e+00 -2.908000000000000e-01 4 3 1 1
9.803900000000001e+00 9.636900000000001e+00 -2.993000000000000e-01 5 3 1 1
1.052190000000000e+01 1.100570000000000e+01 -3.068000000000000e-01 6 3 1 1
1.123980000000000e+01 1.237450000000000e+01 -3.142000000000000e-01 7 3 1 1
1.195780000000000e+01 1.374330000000000e+01 -3.212000000000000e-01 8 3 1 1
1.267580000000000e+01 1.511210000000000e+01 -3.285000000000000e-01 9 3 1 1
1.339380000000000e+01 1.648090000000000e+01 -3.357000000000000e-01 10 3 1 1
1.411170000000000e+01 1.784970000000000e+01 -3.431000000000000e-01 11 3 1 1
1.482970000000000e+01 1.921850000000000e+01 -3.503000000000000e-01 12 3 1 1
1.554770000000000e+01 2.058730000000000e+01 -3.576000000000000e-01 13 3 1 1
1.626570000000000e+01 2.195610000000000e+01 -3.650000000000000e-01 14 3 1 1
1.698360000000000e+01 2.332480000000000e+01 -3.724000000000000e-01 15 3 1 1
1.770160000000000e+01 2.469360000000000e+01 -3.795000000000000e-01 16 3 1 1
1.841960000000000e+01 2.606240000000000e+01 -3.867000000000000e-01 17 3 1 1
1.913760000000000e+01 2.743120000000000e+01 -3.939000000000000e-01 18 3 1 1
1.985550000000000e+01 2.880000000000000e+01 -4.013000000000000e-01 19 3 1 1
6.214000000000000e+00 -6.983000000000000e-01 -2.075000000000000e-01 57 4 1 1
6.214000000000000e+00 -1.396500000000000e+00 -2.075000000000000e-01 56 4 1 1
6.214000000000000e+00 -2.094700000000000e+00 -2.075000000000000e-01 55 4 1 1
6.214000000000000e+00 -2.793000000000000e+00 -2.075000000000000e-01 35 4 1 1
6.932000000000000e+00 -4.161800000000000e+00 -2.285000000000000e-01 36 5 1 1
7.650000000000000e+00 -5.530600000000000e+00 -2.495000000000000e-01 37 5 1 1
8.367900000000001e+00 -6.899400000000000e+00 -2.699000000000000e-01 38 5 1 1
9.085900000000001e+00 -8.268200000000000e+00 -2.908000000000000e-01 39 5 1 1
9.803900000000001e+00 -9.636900000000001e+00 -2.993000000000000e-01 40 5 1 1
1.052190000000000e+01 -1.100570000000000e+01 -3.068000000000000e-01 41 5 1 1
1.123980000000000e+01 -1.237450000000000e+01 -3.142000000000000e-01 42 5 1 1
1.195780000000000e+01 -1.374330000000000e+01 -3.212000000000000e-01 43 5 1 1
1.267580000000000e+01 -1.511210000000000e+01 -3.285000000000000e-01 44 5 1 1
1.339380000000000e+01 -1.648090000000000e+01 -3.357000000000000e-01 45 5 1 1
1.411170000000000e+01 -1.784970000000000e+01 -3.431000000000000e-01 46 5 1 1
1.482970000000000e+01 -1.921850000000000e+01 -3.503000000000000e-01 47 5 1 1
1.554770000000000e+01 -2.058730000000000e+01 -3.576000000000000e-01 48 5 1 1
1.626570000000000e+01 -2.195610000000000e+01 -3.650000000000000e-01 49 5 1 1
1.698360000000000e+01 -2.332480000000000e+01 -3.724000000000000e-01 50 5 1 1
1.770160000000000e+01 -2.469360000000000e+01 -3.795000000000000e-01 51 5 1 1
1.841960000000000e+01 -2.606240000000000e+01 -3.867000000000000e-01 52 5 1 1
1.913760000000000e+01 -2.743120000000000e+01 -3.939000000000000e-01 53 5 1 1
1.985550000000000e+01 -2.880000000000000e+01 -4.013000000000000e-01 54 5 1 1
3.829950000000000e+01 0.000000000000000e+00 3.050000000000000e+00 34 6 1 1
3.829950000000000e+01 -5.000000000000000e-01 3.050000000000000e+00 68 7 1 1
3.883060000000000e+01 -1.433300000000000e+00 3.143300000000000e+00 69 8 1 1
3.936160000000000e+01 -2.366700000000000e+00 3.236700000000000e+00 70 8 1 1
3.989270000000000e+01 -3.300000000000000e+00 3.330000000000000e+00 71 8 1 1
4.042380000000000e+01 -4.233300000000000e+00 3.423300000000000e+00 72 8 1 1
4.095480000000000e+01 -5.166700000000000e+00 3.516700000000000e+00 73 8 1 1
4.148590000000000e+01 -6.100000000000000e+00 3.609900000000000e+00 74 8 1 1
4.201700000000000e+01 -7.033300000000000e+00 3.703300000000000e+00 75 8 1 1
4.254800000000000e+01 -7.966700000000000e+00 3.796700000000000e+00 76 8 1 1
4.307910000000000e+01 -8.900000000000000e+00 3.890000000000000e+00 77 8 1 1
3.829950000000000e+01 5.000000000000000e-01 3.050000000000000e+00 24 9 1 1
3.883060000000000e+01 1.433300000000000e+00 3.143300000000000e+00 25 10 1 1
3.936160000000000e+01 2.366700000000000e+00 3.236700000000000e+00 26 10 1 1
3.989270000000000e+01 3.300000000000000e+00 3.330000000000000e+00 27 10 1 1
4.042380000000000e+01 4.233300000000000e+00 3.423300000000000e+00 28 10 1 1
4.095480000000000e+01 5.166700000000000e+00 3.516700000000000e+00 29 10 1 1
4.148590000000000e+01 6.100000000000000e+00 3.609900000000000e+00 30 10 1 1
4.201700000000000e+01 7.033300000000000e+00 3.703300000000000e+00 31 10 1 1
4.254800000000000e+01 7.966700000000000e+00 3.796700000000000e+00 32 10 1 1
4.307910000000000e+01 8.900000000000000e+00 3.890000000000000e+00 33 10 1 1
3.792420000000000e+01 0.000000000000000e+00 4.377800000000000e+00 59 11 1 1
3.858760000000000e+01 0.000000000000000e+00 5.455600000000000e+00 60 11 1 1
3.925090000000000e+01 0.000000000000000e+00 6.533300000000000e+00 61 11 1 1
3.991430000000000e+01 0.000000000000000e+00 7.611100000000000e+00 62 11 1 1
4.057770000000000e+01 0.000000000000000e+00 8.688900000000000e+00 63 11 1 1
4.124110000000000e+01 0.000000000000000e+00 9.766700000000000e+00 64 11 1 1
4.190440000000000e+01 -0.000000000000000e+00 1.084440000000000e+01 65 11 1 1
4.256780000000000e+01 0.000000000000000e+00 1.192220000000000e+01 66 11 1 1
4.323120000000000e+01 0.000000000000000e+00 1.300000000000000e+01 67 11 1 1
