# TITLE = "Reduced Structural Grid"
# VARIABLES = "x" "y" "z" "FE Id" "component"
1.400000000000000e+01 0.000000000000000e+00 1.400000000000000e+00 -1 FuselageFront
6.214000000000000e+00 0.000000000000000e+00 -2.075000000000000e-01 23 FuselageFront
3.726080000000000e+01 0.000000000000000e+00 3.300000000000000e+00 58 FuselageBack
6.214000000000000e+00 6.983000000000000e-01 -2.075000000000000e-01 22 RWingInner
6.214000000000000e+00 1.396500000000000e+00 -2.075000000000000e-01 21 RWingInner
6.214000000000000e+00 2.094700000000000e+00 -2.075000000000000e-01 20 RWingInner
6.214000000000000e+00 2.793000000000000e+00 -2.075000000000000e-01 0 RWingInner
6.932000000000000e+00 4.161800000000000e+00 -2.285000000000000e-01 1 RWingOuter
7.650000000000000e+00 5.530600000000000e+00 -2.495000000000000e-01 2 RWingOuter
8.367900000000001e+00 6.899400000000000e+00 -2.699000000000000e-01 3 RWingOuter
9.085900000000001e+00 8.268200000000000e+00 -2.908000000000000e-01 4 RWingOuter
9.803900000000001e+00 9.636900000000001e+00 -2.993000000000000e-01 5 RWingOuter
1.052190000000000e+01 1.100570000000000e+01 -3.068000000000000e-01 6 RWingOuter
1.123980000000000e+01 1.237450000000000e+01 -3.142000000000000e-01 7 RWingOuter
1.195780000000000e+01 1.374330000000000e+01 -3.212000000000000e-01 8 RWingOuter
1.267580000000000e+01 1.511210000000000e+01 -3.285000000000000e-01 9 RWingOuter
1.339380000000000e+01 1.648090000000000e+01 -3.357000000000000e-01 10 RWingOuter
1.411170000000000e+01 1.784970000000000e+01 -3.431000000000000e-01 11 RWingOuter
1.482970000000000e+01 1.921850000000000e+01 -3.503000000000000e-01 12 RWingOuter
1.554770000000000e+01 2.058730000000000e+01 -3.576000000000000e-01 13 RWingOuter
1.626570000000000e+01 2.195610000000000e+01 -3.650000000000000e-01 14 RWingOuter
1.698360000000000e+01 2.332480000000000e+01 -3.724000000000000e-01 15 RWingOuter
1.770160000000000e+01 2.469360000000000e+01 -3.795000000000000e-01 16 RWingOuter
1.841960000000000e+01 2.606240000000000e+01 -3.867000000000000e-01 17 RWingOuter
1.913760000000000e+01 2.743120000000000e+01 -3.939000000000000e-01 18 RWingOuter
1.985550000000000e+01 2.880000000000000e+01 -4.013000000000000e-01 19 RWingOuter
6.214000000000000e+00 -6.983000000000000e-01 -2.075000000000000e-01 57 LWingInner
6.214000000000000e+00 -1.396500000000000e+00 -2.075000000000000e-01 56 LWingInner
6.214000000000000e+00 -2.094700000000000e+00 -2.075000000000000e-01 55 LWingInner
6.214000000000000e+00 -2.793000000000000e+00 -2.075000000000000e-01 35 LWingInner
6.932000000000000e+00 -4.161800000000000e+00 -2.285000000000000e-01 36 LWingOuter
7.650000000000000e+00 -5.530600000000000e+00 -2.495000000000000e-01 37 LWingOuter
8.367900000000001e+00 -6.899400000000000e+00 -2.699000000000000e-01 38 LWingOuter
9.085900000000001e+00 -8.268200000000000e+00 -2.908000000000000e-01 39 LWingOuter
9.803900000000001e+00 -9.636900000000001e+00 -2.993000000000000e-01 40 LWingOuter
1.052190000000000e+01 -1.100570000000000e+01 -3.068000000000000e-01 41 LWingOuter
1.123980000000000e+01 -1.237450000000000e+01 -3.142000000000000e-01 42 LWingOuter
1.195780000000000e+01 -1.374330000000000e+01 -3.212000000000000e-01 43 LWingOuter
1.267580000000000e+01 -1.511210000000000e+01 -3.285000000000000e-01 44 LWingOuter
1.339380000000000e+01 -1.648090000000000e+01 -3.357000000000000e-01 45 LWingOuter
1.411170000000000e+01 -1.784970000000000e+01 -3.431000000000000e-01 46 LWingOuter
1.482970000000000e+01 -1.921850000000000e+01 -3.503000000000000e-01 47 LWingOuter
1.554770000000000e+01 -2.058730000000000e+01 -3.576000000000000e-01 48 LWingOuter
1.626570000000000e+01 -2.195610000000000e+01 -3.650000000000000e-01 49 LWingOuter
1.698360000000000e+01 -2.332480000000000e+01 -3.724000000000000e-01 50 LWingOuter
1.770160000000000e+01 -2.469360000000000e+01 -3.795000000000000e-01 51 LWingOuter
1.841960000000000e+01 -2.606240000000000e+01 -3.867000000000000e-01 52 LWingOuter
1.913760000000000e+01 -2.743120000000000e+01 -3.939000000000000e-01 53 LWingOuter
1.985550000000000e+01 -2.880000000000000e+01 -4.013000000000000e-01 54 LWingOuter
3.829950000000000e+01 0.000000000000000e+00 3.050000000000000e+00 34 BottomTail
3.829950000000000e+01 -5.000000000000000e-01 3.050000000000000e+00 68 LHorizontalStabilizer
3.883060000000000e+01 -1.433300000000000e+00 3.143300000000000e+00 69 LHorizontalStabilizer
3.936160000000000e+01 -2.366700000000000e+00 3.236700000000000e+00 70 LHorizontalStabilizer
3.989270000000000e+01 -3.300000000000000e+00 3.330000000000000e+00 71 LHorizontalStabilizer
4.042380000000000e+01 -4.233300000000000e+00 3.423300000000000e+00 72 LHorizontalStabilizer
4.095480000000000e+01 -5.166700000000000e+00 3.516700000000000e+00 73 LHorizontalStabilizer
4.148590000000000e+01 -6.100000000000000e+00 3.609900000000000e+00 74 LHorizontalStabilizer
4.201700000000000e+01 -7.033300000000000e+00 3.703300000000000e+00 75 LHorizontalStabilizer
4.254800000000000e+01 -7.966700000000000e+00 3.796700000000000e+00 76 LHorizontalStabilizer
4.307910000000000e+01 -8.900000000000000e+00 3.890000000000000e+00 77 LHorizontalStabilizer
3.829950000000000e+01 5.000000000000000e-01 3.050000000000000e+00 24 RHorizontalStabilizer
3.883060000000000e+01 1.433300000000000e+00 3.143300000000000e+00 25 RHorizontalStabilizer
3.936160000000000e+01 2.366700000000000e+00 3.236700000000000e+00 26 RHorizontalStabilizer
3.989270000000000e+01 3.300000000000000e+00 3.330000000000000e+00 27 RHorizontalStabilizer
4.042380000000000e+01 4.233300000000000e+00 3.423300000000000e+00 28 RHorizontalStabilizer
4.095480000000000e+01 5.166700000000000e+00 3.516700000000000e+00 29 RHorizontalStabilizer
4.148590000000000e+01 6.100000000000000e+00 3.609900000000000e+00 30 RHorizontalStabilizer
4.201700000000000e+01 7.033300000000000e+00 3.703300000000000e+00 31 RHorizontalStabilizer
4.254800000000000e+01 7.966700000000000e+00 3.796700000000000e+00 32 RHorizontalStabilizer
4.307910000000000e+01 8.900000000000000e+00 3.890000000000000e+00 33 RHorizontalStabilizer
3.792420000000000e+01 0.000000000000000e+00 4.377800000000000e+00 59 Fin
3.858760000000000e+01 0.000000000000000e+00 5.455600000000000e+00 60 Fin
3.925090000000000e+01 0.000000000000000e+00 6.533300000000000e+00 61 Fin
3.991430000000000e+01 0.000000000000000e+00 7.611100000000000e+00 62 Fin
4.057770000000000e+01 0.000000000000000e+00 8.688900000000000e+00 63 Fin
4.124110000000000e+01 0.000000000000000e+00 9.766700000000000e+00 64 Fin
4.190440000000000e+01 0.000000000000000e+00 1.084440000000000e+01 65 Fin
4.256780000000000e+01 0.000000000000000e+00 1.192220000000000e+01 66 Fin
4.323120000000000e+01 0.000000000000000e+00 1.300000000000000e+01 67 Fin
