TITLE = "Reduced Structural Grid"
# VARIABLES = "x" "y" "z" "FE Id" "component"
0.000000000000000e+00 0.000000000000000e+00 0.000000000000000e+00 -1 c1
6.666666999999999e-01 0.000000000000000e+00 0.000000000000000e+00 0 c1
1.333333000000000e+00 0.000000000000000e+00 0.000000000000000e+00 1 c1
2.000000000000000e+00 0.000000000000000e+00 0.000000000000000e+00 2 c1
2.666667000000000e+00 0.000000000000000e+00 0.000000000000000e+00 3 c1
3.333333000000000e+00 0.000000000000000e+00 0.000000000000000e+00 4 c1
4.000000000000000e+00 0.000000000000000e+00 0.000000000000000e+00 5 c1
4.666667000000000e+00 0.000000000000000e+00 0.000000000000000e+00 6 c1
5.333333000000000e+00 0.000000000000000e+00 0.000000000000000e+00 7 c1
6.000000000000000e+00 0.000000000000000e+00 0.000000000000000e+00 8 c1
6.666667000000000e+00 0.000000000000000e+00 0.000000000000000e+00 9 c1
7.333333000000000e+00 0.000000000000000e+00 0.000000000000000e+00 10 c1
8.000000000000000e+00 0.000000000000000e+00 0.000000000000000e+00 11 c1
8.666667000000000e+00 0.000000000000000e+00 0.000000000000000e+00 12 c1
9.333333000000000e+00 0.000000000000000e+00 0.000000000000000e+00 13 c1
1.000000000000000e+01 0.000000000000000e+00 0.000000000000000e+00 14 c1
1.066667000000000e+01 0.000000000000000e+00 0.000000000000000e+00 15 c1
1.133333000000000e+01 0.000000000000000e+00 0.000000000000000e+00 16 c1
1.200000000000000e+01 0.000000000000000e+00 0.000000000000000e+00 17 c1
1.266667000000000e+01 0.000000000000000e+00 0.000000000000000e+00 18 c1
1.333333000000000e+01 0.000000000000000e+00 0.000000000000000e+00 19 c1
1.400000000000000e+01 0.000000000000000e+00 0.000000000000000e+00 20 c1
1.466667000000000e+01 0.000000000000000e+00 0.000000000000000e+00 21 c1
1.533333000000000e+01 0.000000000000000e+00 0.000000000000000e+00 22 c1
1.600000000000000e+01 0.000000000000000e+00 0.000000000000000e+00 23 c1
1.666667000000000e+01 0.000000000000000e+00 0.000000000000000e+00 24 c1
1.733333000000000e+01 0.000000000000000e+00 0.000000000000000e+00 25 c1
1.800000000000000e+01 0.000000000000000e+00 0.000000000000000e+00 26 c1
1.866667000000000e+01 0.000000000000000e+00 0.000000000000000e+00 27 c1
1.933333000000000e+01 0.000000000000000e+00 0.000000000000000e+00 28 c1
2.000000000000000e+01 0.000000000000000e+00 0.000000000000000e+00 29 c1
