# TITLE = "Reduced Structural Grid"
# VARIABLES = "x" "y" "z" "FE Id" "component"
0.000000000000000e+00 0.000000000000000e+00 0.000000000000000e+00 0 0
0.000000000000000e+00 2.400000000000000e+00 0.000000000000000e+00 1 0
0.000000000000000e+00 4.800000000000000e+00 0.000000000000000e+00 2 0
0.000000000000000e+00 7.200000000000000e+00 0.000000000000000e+00 3 0
0.000000000000000e+00 9.600000000000000e+00 0.000000000000000e+00 4 0
0.000000000000000e+00 1.200000000000000e+01 0.000000000000000e+00 5 0
0.000000000000000e+00 1.440000000000000e+01 0.000000000000000e+00 6 0
0.000000000000000e+00 1.680000000000000e+01 0.000000000000000e+00 7 0
0.000000000000000e+00 1.920000000000000e+01 0.000000000000000e+00 8 0
0.000000000000000e+00 2.160000000000000e+01 0.000000000000000e+00 9 0
0.000000000000000e+00 2.400000000000000e+01 0.000000000000000e+00 10 0
2.400000000000000e+00 2.400000000000000e+01 0.000000000000000e+00 11 0
4.800000000000000e+00 2.400000000000000e+01 0.000000000000000e+00 12 0
7.200000000000000e+00 2.400000000000000e+01 0.000000000000000e+00 13 0
9.600000000000000e+00 2.400000000000000e+01 0.000000000000000e+00 14 0
1.200000000000000e+01 2.400000000000000e+01 0.000000000000000e+00 15 0
1.440000000000000e+01 2.400000000000000e+01 0.000000000000000e+00 16 0
1.680000000000000e+01 2.400000000000000e+01 0.000000000000000e+00 17 0
1.920000000000000e+01 2.400000000000000e+01 0.000000000000000e+00 18 0
2.160000000000000e+01 2.400000000000000e+01 0.000000000000000e+00 19 0
2.400000000000000e+01 2.400000000000000e+01 0.000000000000000e+00 20 0
