# VARIABLES = x y z fe_order components
16.5335 0.0 0.0 5 FusBack
22.8143 0.0 0.0 6 FusBack
27.4511 0.0 0.0 7 FusBack
30.419 0.0 0.2989 8 FusBack
34.1749 0.0 0.6771 9 FusBack
15.6286 0.0 0.0 4 FusFront
11.4071 0.0 0.0 3 FusFront
7.6048 0.0 0.0 2 FusFront
3.8062 0.0 0.0 1 FusFront
0.0 0.0 -0.6028 0 FusFront
16.5335 1.00156 2.11455 11 RWing
16.6244 2.45678 2.10285 12 RWing
16.8062 3.36411 2.07944 13 RWing
17.079 4.7251 2.04434 14 RWing
17.2676 5.6656 2.02122 15 RWing
17.4629 6.63927 1.99839 16 RWing
17.6582 7.61294 1.97556 17 RWing
17.8535 8.58661 1.95273 18 RWing
18.0488 9.56028 1.92989 19 RWing
18.2441 10.5339 1.90706 20 RWing
18.4394 11.5076 1.88423 21 RWing
18.6347 12.4813 1.8614 22 RWing
18.83 13.455 1.83857 23 RWing
19.0253 14.4286 1.81574 24 RWing
19.2359 15.3927 1.79321 25 RWing
19.4617 16.3472 1.771 26 RWing
19.6876 17.3018 1.74878 27 RWing
19.9134 18.2563 1.72656 28 RWing
20.1393 19.2108 1.70434 29 RWing
20.3651 20.1653 1.68212 30 RWing
20.591 21.1198 1.65991 31 RWing
20.8168 22.0744 1.63769 32 RWing
21.0427 23.0289 1.61547 33 RWing
21.2685 23.9834 1.59325 34 RWing
21.4944 24.9379 1.57104 35 RWing
21.7202 25.8924 1.54882 36 RWing
16.5335 -1.00156 2.11455 60 LWing
16.6244 -2.45678 2.10285 61 LWing
16.8062 -3.36411 2.07944 62 LWing
17.079 -4.7251 2.04434 63 LWing
17.2676 -5.6656 2.02122 64 LWing
17.4629 -6.63927 1.99839 65 LWing
17.6582 -7.61294 1.97556 66 LWing
17.8535 -8.58661 1.95273 67 LWing
18.0488 -9.56028 1.92989 68 LWing
18.2441 -10.5339 1.90706 69 LWing
18.4394 -11.5076 1.88423 70 LWing
18.6347 -12.4813 1.8614 71 LWing
18.83 -13.455 1.83857 72 LWing
19.0253 -14.4286 1.81574 73 LWing
19.2359 -15.3927 1.79321 74 LWing
19.4617 -16.3472 1.771 75 LWing
19.6876 -17.3018 1.74878 76 LWing
19.9134 -18.2563 1.72656 77 LWing
20.1393 -19.2108 1.70434 78 LWing
20.3651 -20.1653 1.68212 79 LWing
20.591 -21.1198 1.65991 80 LWing
20.8168 -22.0744 1.63769 81 LWing
21.0427 -23.0289 1.61547 82 LWing
21.2685 -23.9834 1.59325 83 LWing
21.4944 -24.9379 1.57104 84 LWing
21.7202 -25.8924 1.54882 85 LWing
38.0238 0.0 1.0646 10 FusTail
34.6321 0.0 1.7946 37 VTP
35.0892 0.0 2.3205 38 VTP
35.5464 0.0 2.8464 39 VTP
36.0036 0.0 3.3723 40 VTP
36.4607 0.0 3.8982 41 VTP
36.9003 0.0 4.4039 42 VTP
37.3398 0.0 4.9095 43 VTP
37.7793 0.0 5.4151 44 VTP
38.3537 0.0 5.9207 46 HTP
38.7465 0.0 6.5277 45 VTPTail
38.3537 0.1261 5.9207 47 RHTP
38.3537 0.2522 5.9207 48 RHTP
38.5245 0.7876 5.8927 49 RHTP
38.6953 1.323 5.8646 50 RHTP
38.8661 1.8583 5.8366 51 RHTP
39.037 2.3937 5.8085 52 RHTP
39.2078 2.9291 5.7805 53 RHTP
39.3635 3.4172 5.7549 54 RHTP
39.5193 3.9053 5.7293 55 RHTP
39.675 4.3934 5.7037 56 RHTP
39.8308 4.8816 5.6781 57 RHTP
39.9865 5.3697 5.6525 58 RHTP
40.1423 5.8578 5.627 59 RHTP
38.3537 -0.1261 5.9207 86 LHTP
38.3537 -0.2522 5.9207 87 LHTP
38.5245 -0.7876 5.8927 88 LHTP
38.6953 -1.323 5.8646 89 LHTP
38.8661 -1.8583 5.8366 90 LHTP
39.037 -2.3937 5.8085 91 LHTP
39.2078 -2.9291 5.7805 92 LHTP
39.3635 -3.4172 5.7549 93 LHTP
39.5193 -3.9053 5.7293 94 LHTP
39.675 -4.3934 5.7037 95 LHTP
39.8308 -4.8816 5.6781 96 LHTP
39.9865 -5.3697 5.6525 97 LHTP
40.1423 -5.8578 5.627 98 LHTP
