# VARIABLES = x y z fe_order components
16.5335 0.0 0.0 -1 FusBack
22.8143 0.0 0.0 5 FusBack
27.4511 0.0 0.0 6 FusBack
30.419 0.0 0.2989 7 FusBack
34.1749 0.0 0.6771 8 FusBack
15.6286 0.0 0.0 4 FusFront
11.4071 0.0 0.0 3 FusFront
7.6048 0.0 0.0 2 FusFront
3.8062 0.0 0.0 1 FusFront
0.0 0.0 -0.6028 0 FusFront
16.5335 1.00156 2.11455 10 RWing
16.6244 2.45678 2.10285 11 RWing
16.8062 3.36411 2.07944 12 RWing
17.079 4.7251 2.04434 13 RWing
17.2676 5.6656 2.02122 14 RWing
17.4629 6.63927 1.99839 15 RWing
17.6582 7.61294 1.97556 16 RWing
17.8535 8.58661 1.95273 17 RWing
18.0488 9.56028 1.92989 18 RWing
18.2441 10.5339 1.90706 19 RWing
18.4394 11.5076 1.88423 20 RWing
18.6347 12.4813 1.8614 21 RWing
18.83 13.455 1.83857 22 RWing
19.0253 14.4286 1.81574 23 RWing
19.2359 15.3927 1.79321 24 RWing
19.4617 16.3472 1.771 25 RWing
19.6876 17.3018 1.74878 26 RWing
19.9134 18.2563 1.72656 27 RWing
20.1393 19.2108 1.70434 28 RWing
20.3651 20.1653 1.68212 29 RWing
20.591 21.1198 1.65991 30 RWing
20.8168 22.0744 1.63769 31 RWing
21.0427 23.0289 1.61547 32 RWing
21.2685 23.9834 1.59325 33 RWing
21.4944 24.9379 1.57104 34 RWing
21.7202 25.8924 1.54882 35 RWing
16.5335 -1.00156 2.11455 59 LWing
16.6244 -2.45678 2.10285 60 LWing
16.8062 -3.36411 2.07944 61 LWing
17.079 -4.7251 2.04434 62 LWing
17.2676 -5.6656 2.02122 63 LWing
17.4629 -6.63927 1.99839 64 LWing
17.6582 -7.61294 1.97556 65 LWing
17.8535 -8.58661 1.95273 66 LWing
18.0488 -9.56028 1.92989 67 LWing
18.2441 -10.5339 1.90706 68 LWing
18.4394 -11.5076 1.88423 69 LWing
18.6347 -12.4813 1.8614 70 LWing
18.83 -13.455 1.83857 71 LWing
19.0253 -14.4286 1.81574 72 LWing
19.2359 -15.3927 1.79321 73 LWing
19.4617 -16.3472 1.771 74 LWing
19.6876 -17.3018 1.74878 75 LWing
19.9134 -18.2563 1.72656 76 LWing
20.1393 -19.2108 1.70434 77 LWing
20.3651 -20.1653 1.68212 78 LWing
20.591 -21.1198 1.65991 79 LWing
20.8168 -22.0744 1.63769 80 LWing
21.0427 -23.0289 1.61547 81 LWing
21.2685 -23.9834 1.59325 82 LWing
21.4944 -24.9379 1.57104 83 LWing
21.7202 -25.8924 1.54882 84 LWing
38.0238 0.0 1.0646 9 FusTail
34.6321 0.0 1.7946 36 VTP
35.0892 0.0 2.3205 37 VTP
35.5464 0.0 2.8464 38 VTP
36.0036 0.0 3.3723 39 VTP
36.4607 0.0 3.8982 40 VTP
36.9003 0.0 4.4039 41 VTP
37.3398 0.0 4.9095 42 VTP
37.7793 0.0 5.4151 43 VTP
38.3537 0.0 5.9207 45 HTP
38.7465 0.0 6.5277 44 VTPTail
38.3537 0.1261 5.9207 46 RHTP
38.3537 0.2522 5.9207 47 RHTP
38.5245 0.7876 5.8927 48 RHTP
38.6953 1.323 5.8646 49 RHTP
38.8661 1.8583 5.8366 50 RHTP
39.037 2.3937 5.8085 51 RHTP
39.2078 2.9291 5.7805 52 RHTP
39.3635 3.4172 5.7549 53 RHTP
39.5193 3.9053 5.7293 54 RHTP
39.675 4.3934 5.7037 55 RHTP
39.8308 4.8816 5.6781 56 RHTP
39.9865 5.3697 5.6525 57 RHTP
40.1423 5.8578 5.627 58 RHTP
38.3537 -0.1261 5.9207 85 LHTP
38.3537 -0.2522 5.9207 86 LHTP
38.5245 -0.7876 5.8927 87 LHTP
38.6953 -1.323 5.8646 88 LHTP
38.8661 -1.8583 5.8366 89 LHTP
39.037 -2.3937 5.8085 90 LHTP
39.2078 -2.9291 5.7805 91 LHTP
39.3635 -3.4172 5.7549 92 LHTP
39.5193 -3.9053 5.7293 93 LHTP
39.675 -4.3934 5.7037 94 LHTP
39.8308 -4.8816 5.6781 95 LHTP
39.9865 -5.3697 5.6525 96 LHTP
40.1423 -5.8578 5.627 97 LHTP
