# TITLE = "Reduced Structural Grid"
# VARIABLES = "x" "y" "z" "FE Id" "component"
36.93717 0.0 -0.33933 0 0 24
31.6465 0.0 0.0 121 0
32.8408 1.3966 -0.9805 154 1
32.8401 2.7763 -1.0461 66 2
33.2089 3.4808 -0.9832 67 3
33.5762 4.1823 -0.9205 68 3
33.9432 4.8834 -0.8579 69 3
34.3022 5.569 -0.7967 70 3
34.6706 6.2728 -0.7338 71 3
35.0369 6.9724 -0.6714 72 3
35.392 7.6508 -0.6108 73 3
35.7496 8.3338 -0.5498 74 3
36.1409 9.0812 -0.483 75 3
36.4844 9.7374 -0.4244 76 4
36.829 10.3956 -0.3657 77 4
37.1736 11.0538 -0.3069 78 4
37.5182 11.712 -0.2481 79 4
37.8628 12.3702 -0.1893 80 4
38.2073 13.0284 -0.1305 81 4
38.5519 13.6866 -0.0718 82 4
38.8965 14.3448 -0.013 83 4
39.2411 15.003 0.0458 84 4
39.5857 15.6611 0.1046 85 4
39.9302 16.3193 0.1634 86 4
40.2748 16.9775 0.2221 87 4
40.6194 17.6357 0.2809 88 4
40.9679 18.3013 0.3404 89 4
41.3053 18.9459 0.3979 90 4
41.6544 19.6126 0.4575 91 4
42.0118 20.2954 0.5184 92 4
42.3909 21.0196 0.5831 93 4
42.7444 21.6947 0.6434 94 4
43.0979 22.3699 0.7037 95 4
43.4513 23.0451 0.764 96 4
43.7888 23.6897 0.8216 97 4
44.1263 24.3343 0.8791 98 4
44.4638 24.9789 0.9367 99 4
44.8012 25.6236 0.9943 100 4
45.1387 26.2682 1.0518 101 4
45.4762 26.9128 1.1094 102 4
45.8137 27.5574 1.167 103 4
46.1419 28.1843 1.2229 104 4
32.8812 9.3446 -1.1278 141 5
30.7322 9.2971 -2.5288 156 6
32.8408 -1.3966 -0.9805 153 7
32.8401 -2.7763 -1.0461 27 8
33.2089 -3.4808 -0.9832 28 9
33.5762 -4.1823 -0.9205 29 9
33.9432 -4.8834 -0.8579 30 9
34.3022 -5.569 -0.7967 31 9
34.6706 -6.2728 -0.7338 32 9
35.0369 -6.9724 -0.6714 33 9
35.392 -7.6508 -0.6108 34 9
35.7496 -8.3338 -0.5498 35 9
36.1409 -9.0812 -0.483 36 9
36.4844 -9.7374 -0.4244 37 10
36.829 -10.3956 -0.3657 38 10
37.1736 -11.0538 -0.3069 39 10
37.5182 -11.712 -0.2481 40 10
37.8628 -12.3702 -0.1893 41 10
38.2073 -13.0284 -0.1305 42 10
38.5519 -13.6866 -0.0718 43 10
38.8965 -14.3448 -0.013 44 10
39.2411 -15.003 0.0458 45 10
39.5857 -15.6611 0.1046 46 10
39.9302 -16.3193 0.1634 47 10
40.2748 -16.9775 0.2221 48 10
40.6194 -17.6357 0.2809 49 10
40.9679 -18.3013 0.3404 50 10
41.3053 -18.9459 0.3979 51 10
41.6544 -19.6126 0.4575 52 10
42.0118 -20.2954 0.5184 53 10
42.3909 -21.0196 0.5831 54 10
42.7444 -21.6947 0.6434 55 10
43.0979 -22.3699 0.7037 56 10
43.4513 -23.0451 0.764 57 10
43.7888 -23.6897 0.8216 58 10
44.1263 -24.3343 0.8791 59 10
44.4638 -24.9789 0.9367 60 10
44.8012 -25.6236 0.9943 61 10
45.1387 -26.2682 1.0518 62 10
45.4762 -26.9128 1.1094 63 10
45.8137 -27.5574 1.167 64 10
46.1419 -28.1843 1.2229 65 10
32.8812 -9.3446 -1.1278 140 11
30.7322 -9.2971 -2.5288 155 12
34.3075 0.0 0.0 122 13
36.2155 0.0 0.0 123 13
37.2815 0.0 0.0 124 13
38.3375 0.0 0.0 125 13
39.2405 0.0 0.0 126 13
39.7295 0.0 0.0 127 13
40.6235 0.0 0.0 128 13
42.7735 0.0 0.0 129 13
44.7005 0.0 0.0 130 13
46.2905 0.0 0.0 131 13
48.4175 0.0 0.0 132 13
50.5435 0.0 0.0 133 13
52.9285 0.0 0.0 134 13
55.5377 0.0 0.3129 135 14
57.993 0.0 0.6408 136 15
60.2128 0.0 0.9372 137 15
61.4026 0.0 1.0961 138 15
61.7843 0.0 1.147 139 15
62.4695 0.0 1.0609 1 16
62.874 0.0 1.1106 2 16
63.505 0.0 1.188 3 16
64.0675 0.0 1.2571 4 16
65.1265 0.0 1.3871 5 17
67.1185 0.0 1.6317 6 18
67.694 0.0 1.8645 8 19
69.228 0.0 1.8906 7 20
63.0227 0.0 3.389 142 21
63.8522 0.0 4.4575 143 22
64.6095 0.0 5.433 144 22
65.3548 0.0 6.393 145 22
66.0845 0.0 7.333 146 22
66.7079 0.0 8.136 147 22
67.2083 0.0 8.7805 148 22
67.7086 0.0 9.425 149 22
68.2583 0.0 10.133 150 22
68.7815 0.0 10.807 151 22
69.2186 0.0 11.37 152 22
65.0616 1.195 1.6142 18 23
65.3668 1.69 1.6702 19 24
65.9993 2.716 1.7862 20 24
66.6744 3.811 1.9101 21 24
67.5505 5.232 2.0707 22 24
68.3877 6.59 2.2243 23 24
69.1202 7.778 2.3587 24 24
69.7256 8.76 2.4697 25 24
70.098 9.364 2.538 26 24
65.0616 -1.195 1.6142 17 25
65.3668 -1.69 1.6702 16 26
65.9993 -2.716 1.7862 15 26
66.6744 -3.811 1.9101 14 26
67.5505 -5.232 2.0707 13 26
68.3877 -6.59 2.2243 12 26
69.1202 -7.778 2.3587 11 26
69.7256 -8.76 2.4697 10 26
70.098 -9.364 2.538 9 26
46.29503725 28.19 1.22045906 167 27
46.6386253994 28.8177146457 1.26139932 168 28
46.9879812862 29.4559665923 1.30295457 169 28
47.3373371729 30.0942185389 1.34458209 170 28
47.6866280412 30.7325542738 1.38620961 171 28
48.035983928 31.3708062204 1.42776486 172 28
48.3853398148 32.009058167 1.46939238 173 28
48.7346957016 32.6473101136 1.5110199 174 28
49.0744331357 33.2680331101 1.55141883 175 28
49.462302519 33.9766822044 1.59767163 176 28
46.29503725 -28.19 1.22045906 157 29
46.6386253994 -28.8177146457 1.26139932 158 30
46.9879812862 -29.4559665923 1.30295457 159 30
47.3373371729 -30.0942185389 1.34458209 160 30
47.6866280412 -30.7325542738 1.38620961 161 30
48.035983928 -31.3708062204 1.42776486 162 30
48.3853398148 -32.009058167 1.46939238 163 30
48.7346957016 -32.6473101136 1.5110199 164 30
49.0744331357 -33.2680331101 1.55141883 165 30
49.462302519 -33.9766822044 1.59767163 166 30
29.8415 0.0 0.0 120 31
28.7865 0.0 0.0 119 31
27.1855 0.0 0.0 118 31
25.0585 0.0 0.0 117 31
22.9385 0.0 0.0 116 31
20.8185 0.0 0.0 115 31
18.6985 0.0 0.0 114 31
16.5785 0.0 0.0 113 31
14.4585 0.0 0.0 112 31
13.1825 0.0 0.0 111 31
12.9065 0.0 0.0 110 31
12.3655 0.0 0.0 109 31
11.2735 0.0 0.0 108 31
10.2535 0.0 0.0 107 31
8.6835 0.0 0.0 106 31
7.4185 0.0 0.0 105 31
